00000000000000000000000000000000000000000000000000000000000000
00000000000000000000000000000000000000000000000000000000000000
00000000000000000000000000000000000000000000000000000000000000
00000000000000000000000000000000000000000000000000000000000000
00000000000000000000000000000000000000000000000000000000000000
00000000000000000000000000000000000000000000000000000000000000
00000000000000000000000000000000000000000000000000000000000000
00000000000000000000000000000000000000000000000000000000000000
00000000000000000000000000000000000000000000000000000000000000
00000000000000000000000000000000000000000000000000000000000000
00000000000000000000000000000000000000000000000000000000000000
00000000000000000000000000000000000000000000000000000000000000
00000000000000000000000000000000000000000000000000000000000000
00000000000000000000000000000000000000000000000000000000000000
00000000000000000000000000000000000000000000000000000000000000
00000000000000000000000000000000000000000000000000000000000000
00000000000000000000000000000000000000000000000000000000000000
00000000000000000000000000000000008006000000000000000000000000
00000000000000000000000000000000000000000000000000000000000000
00000000000000000000000000000080060000800600000000000000000000
00000000000000000000000000000000000000000000000000000000000000
00000000000000000000000000800600000000000080060000000000000000
00000000000000000000000000800000000000000000060000000000000000
00000000000000000000000000800550055005500550060005000000000000
00000000000000000000000000000000000000000000006080000000000000
00000000000000000000000000000000000000000000006080000000000000
00000000000000000000000000000000000000000000006080000000000000
00000000000000000000000000000000000000000000006080000000000000
00000000000000000000000000000000000000000000006080000000000000
00000000000000000000000000000000000000000000006080000000000000
00000000000000000000000000000000000000000000006080000000000000
00000000000000000000000000000000000000000000006080000000000000
00000000000000000000000000000000000000000000006080000000000000
00000000000000000000000000000000000000000000000000000000000000
00000000000000000000000000000000000000000000000000000000000000
00000000000000000000000000000000000000000000000000000000000000
00000000000000000000000000000000000000000000000000000000000000
00000000000000000000000000000000000000000000000000000000000000
00000000000000000000000000000000000000001000000000000000000000
00000000000000000000000000000000000000000000000000000000000000
00000000000000000000000000000000000010000000000000000000000000
00000000000000000000000000000000000000000000000000000000000000
00000000000000000023400000000000100000000000000000000000000000
00000000000000000000000234000000000000000000000000000000000000
00000000000000000000000000001000000000000000000000000000000000
00000000000000000000000000000000000000000000000000000000000000
00000000000000000000000000000000000000000000000000000000000000
00000000000005000555555555555555555555555555000000000000000000
00000000000000608000000000000000000000000000000000000000000000
00000000000000608000000000000000000000000000000000000000000000
00000000000000608000000000000000000000000000000000000000000000
00000000000000608000000000000000000000000000000000000000000000
00000000000000608000000000000000000000000000000000000000000000
00000000000000608000000000000000000000000000000000000000000000
00000000000000608000000000000000000000000000000000000000000000
00000000000000608000000000000000000000000000000000000000000000
00000000000000608000000000000000000000000000000000000000000000
00000000000000000000000000000000000000000000000000000000000000
00000000000000000000000000000000000000000000000000000000000000
00000000000000000000000000000000000000000000000000000000000000
00000000000000000000000000000000000000000000000000000000000000
00000000000000000000000000000000000000000000000000000000000000
00000000000000000000000000000000000000000000000000000000000000
00000000000000000000000000000000000000000000000000000000000000
