0000000000000000000000000000000000000000000000000000000000000000000000
0000000000000000000000000000000000000000000000000000000000000000000000
0000000000000000000000000000000000000000000000000000000000000000000000
0000000000000000000000000000000000000000000000000000000000000000000000
0000000000000000000000000000000000000000000000000000000000000000000000
0000000000000000000000000000000000000000000000000000000000000000000000
0000000000000000000000000000000000000000000000000000000000000000000000
0000000000000000010000000608000000000000000000000000000000000000000000
0000000000000000000000000608000000000000000000000000000000000000000000
0000000000000000000000000608000000000000000000000000000000000000000000
0000000000000000000000000608000000000000000000000000000000000000000000
0000000000000000000000000608000000000000000000000000000000000000000000
0000000000005555555555500608000000000000000000000000000000000000000000
0000000000000000000000000608000000000000000000000000000000000000000000
0000000000000000000000000608000000000000000000000000000000000000000000
0000000000000000000000000608000000000000000000000000000000000000000000
0000000000000000000000000608000000000000000000000000000000000000000000
0000000000000000000000000608000000000000000000000000000000000000000000
0000000000000000000000000608000000000000000000000000000000000000000000
0000000000000000000000000000000000000000000000000000000000000000000000
0000000000000000000000000000000000000000000000000000000000000000000000
0000000000000000000000000000000000000000000000000000000000000000000000
0000000000000000000000000000000000000000000000000000000000000000000000
0000000000000000000000080000000000000000000000000000000000000000000000
0000000000000000000000000000000000000000000000000000000000000000000000
0000000000000000000000000000000000000000000000000000000000000000000000
0000000000000000080060000000000000000000000000000000000000000000000000
0000000000000000000000000000000000000000000000000000000000000000000000
0000000000000000000000000000000000000000000000000000000000000000000000
0000000000080060000000000000000000000000000000000000000000000000000000
0000000000000000000000000000000000000000000000000000000000000000000000
0060800060800000000000000000000000000000000000000000000000000000000000
0060800060800000000000000000000000000000000000000000000000000000000000
0060800060800000000000000000000000000000000000000000000000000000000000
0060800060800000000000000000000000000000000000000000000000000000000000
0060800060800055550055550055000000000000000000000000000000000000000000
0060800060800000000000000000000000000000000000000000000000000000000000
0060800060800000000000000000000000000000000000000000000000000000000000
0060800060800000000000000000000000000000000000000000000000000000000000
0060800060800000000000000000000000000000000000000000000000000000000000
0060800060800000000000000000000000000000000000000000000000000000000000
0060800060800000000000000000000000000000000000000000000000000008000000
0060800060800000000000000000000000000000000000000000000000000008000000
0060800060800000000000000000000000000000000000000000000000000008000000
0060800000000000000000000000000000000000000000050000000000000008000000
0060800000000000000000000000000000000000000000816000000000005508000000
0060800000000000000000000000000000000000000000000000000000000008000000
0000000000000000000000000000000000000000155515555515555000000008000000
0000000000000000000000000000000000000000000000000000000000000008000000
0000000077000000000000000000000005155555000000000000000000000008000000
0000000000000000000000000000000000000000000000000000000000000008000000
0000000055000000000000000055155550000000000000000000000000000008000000
0000000000000550000000000000000000000000000000000000000000000008000000
0000000000000000005500000000000000000000000000000000000000000008000000
0000000000000000000000000000000000000000000000000000000000000008000000
0000000000000000000000000000000000000000000000000000000000000000000000
0000000000000000000000000000000000000000000000000000000000000000000000
0000000000000000000000000000000000000000000000000000000000000000000000
0000000000000000000000000000000000000000000000000000000000000000000000
0000000000000000000000000000000000000000000000000000000000000000000000
