000000000000000000000000000000000000000000000000000000000000000
000000000000000000000000000000000000000000000000000000000000000
000000000000000000000000000000000000000000000000000000000000000
000000000000000000000000000000000000000000000000000000000000000
000000000000000000000000000000000000000000000000000000000000000
000000000000000000000000000000000000000000000000000000000000000
000000000000000000000000000000000000005000000000000000000000000
000000000000000000000000000000000000081600000000000000000000000
000000000000000000000000000000000000100010000000000000000000000
000000000000000000000000000000000000000000000000000000000000000
000000000000000000000000000005500010000000000000000000000000000
000000000000000000000000000000000000000000000000000000000000000
000000000000000000000000000100001000000000000000000000000000000
000000000000000000000005555550055555555555000000000000000000000
000000000000000000000000000000000000000000000000000000000000000
