0000000000000000000000000000000000000000000000000000
0000000000000000000000000000000000000800000000000000
0000000000000000000000000000000000000800000000000000
0000000000555550000000000000000000000800000000000000
0000000000000000000000000000000000000800000007777000
0000000000000000000000000000000000000800000000000000
0000000009000009000000000000000000000800000005555000
0000000000000000000000000000000000000000000000000000
0000000000000000000000000000000000000000000000000000
0000000000000000000000000055555555550000000000000000
0000000000000000000000000000000000000000000000000000
0000000000000000000000000000000000000000000000000000
0000000000000000000000000000000000000000000000000000
0000000000000000000000000000000000000000000000000000
0000000000000000000000000000000000000000000000000000
0000000000000000000000000000000000000000000000000000
0000000000000000000000000000000000000000000000000000
0000000000000000000000000000000000006000000000000000
0000000000000000000000000000000000006000000000000000
0000000000000000000000000000000000006000000000000000
0000000000000000000000000000000000006000000000000000
0000000000000000000000000000000000006000000000000000
0000000000000000000000000234000000006000000000000000
0000000000000000000000000000000000000055000000000000
0000000000000000000000000000000000000000000000000000
0000000000000000000000055555550000000000000000000000
0000000000000000000060800000000000000000000000000000
0000000000000000000060800000000000000000000000000000
0000000000000000000060800000000000000000000000000000
0000000000000000000060800000000000000000000000000000
0000000000000000000060800000000000000000000000000000
0000000000000000000060800000000000000000000000000000
0000000000000000000060800000000000000000000000000000
0000000000000000000060800000000000000000000000000000
0000000000000000000060800000000000000000000000000000
0000000000000000000060070000000000000000000000000000
0000000000000000000060000000000000000000000000000000
0000000000000000000060000000000000000000000000000000
0000000000000000000060050000000000000000000000000000
0000000000000000000060800000000000000000000000000000
0000000000000000000060800000000000000000000000000000
0000000000000000000060800000000000000000000000000000
0000000000000000000060800000000000000000000000000000
0000000000000000000000000000000000000000000000000000
